# 10
   14.000000    20.000000    20.000000
   30.000000   104.000000   110.000000    80.000000
   36.000000   132.000000   302.000000   128.000000    32.000000
  108.000000   144.000000   158.000000    20.000000    20.000000
   54.000000    30.000000   104.000000   110.000000    80.000000
   36.000000   132.000000   302.000000   128.000000    32.000000
  108.000000   144.000000   158.000000    20.000000    20.000000
   54.000000    30.000000   104.000000   110.000000    80.000000
   36.000000   132.000000   302.000000   128.000000
  108.000000   144.000000   146.000000
