# 10
  0.140000000000000E+02  0.200000000000000E+02  0.200000000000000E+02
  0.300000000000000E+02  0.104000000000000E+03  0.110000000000000E+03  0.800000000000000E+02
  0.360000000000000E+02  0.132000000000000E+03  0.302000000000000E+03  0.128000000000000E+03  0.320000000000000E+02
  0.108000000000000E+03  0.144000000000000E+03  0.158000000000000E+03  0.200000000000000E+02  0.200000000000000E+02
  0.540000000000000E+02  0.300000000000000E+02  0.104000000000000E+03  0.110000000000000E+03  0.800000000000000E+02
  0.360000000000000E+02  0.132000000000000E+03  0.302000000000000E+03  0.128000000000000E+03  0.320000000000000E+02
  0.108000000000000E+03  0.144000000000000E+03  0.158000000000000E+03  0.200000000000000E+02  0.200000000000000E+02
  0.540000000000000E+02  0.300000000000000E+02  0.104000000000000E+03  0.110000000000000E+03  0.800000000000000E+02
  0.360000000000000E+02  0.132000000000000E+03  0.302000000000000E+03  0.128000000000000E+03
  0.108000000000000E+03  0.144000000000000E+03  0.146000000000000E+03
